Lagrange polynomial for points: (1.0, 2.0), (2.0, 1.0), (3.0, 3.0), (4.0, 2.0), (5.0, 3.0), (6.0, 4.0)
P(1) = 2
P(1.5) = -0.171875
P(2.25) = 1.810302734375
P(3.25) = 2.885498046875
P(4.621) = 2.152523143507311

Lagrange polynomial for e^-x^2 * (x^2 + 1) using six Chebyshev nodes
P(1) = 0.6984888269937841
P(1.5) = 0.34701033972771383
P(2.25) = 0.07263762389370154
P(3.25) = 1.6026083189271558
P(4.621) = 12.550741856238837

Natural Cubic Spline for (1.0, 2.0), (2.0, 1.0), (3.0, 3.0), (4.0, 2.0), (5.0, 3.0), (6.0, 4.0)
	S0(x) = 3 + 1.1148325358851716x - 3.172248803827758x^2 + 1.057416267942586x^3
	S1(x) = 29.75598086124409 - 39.019138755980926x + 16.89473684210528x^2 - 2.2870813397129206x^3
S(x) =	S2(x) = -88.44976076555022 + 79.18660287081335x - 22.507177033492802x^2 + 2.0909090909090886x^3
	S3(x) = 114.26794258373215 - 72.85167464114838x + 15.502392344497624x^2 - 1.0765550239234465x^3
	S4(x) = -47.21531100478495 + 24.038277511961855x - 3.875598086124424x^2 + 0.21531100478469023x^3

S(1) = 1.9999999999999998
S(1.5) = 1.103468899521531
S(2.25) = 1.4412380382775112
S(3.25) = 2.95162978468899
S(4.621) = 2.423619384090969
